444.6
154.44
447.89
157.24
449.92
149.64
449.61
198.89
190.57
290.91
169.08
140.14
257.42
426.26
262.31
442.74
431.15
375.89
433.71
421.17
323.57
140.56
187.39
255.13
433.31
198.45
198.35
269.23
179.3
427.51
300.94
310.77
307.37
182.92
264.84
269.96
321.15
145.24
418.78
316.92
143.79
195.35
272.31
381.0
133.93
143.8
440.77
179.71
381.08
288.4
424.19
398.0
168.37
428.82
395.8
329.1
436.55
302.48
137.52
431.51
137.6
270.56
279.65
177.97
432.78
388.23
295.62
426.12
441.74
440.12
287.24
372.26
140.94
446.92
268.19
411.28
151.27
321.71
314.28
254.73
272.46
266.3
266.07
154.46
375.32
435.48
180.31
281.48
178.03
285.35
191.9
290.1
409.01
174.27
308.02
379.38
331.24
206.14
387.16
311.83
921.15
1307.58
952.01
1438.77
1176.46
824.91
1188.14
1280.53
922.11
1176.34
885.74
1299.56
1264.31
1302.8
1303.77
1255.97
937.33
880.65
1120.97
896.15
1403.39
1343.91
971.69
1174.62
904.43
1366.77
884.49
917.61
813.68
916.26
1246.02
1031.84
1088.15
961.37
1181.94
857.08
1036.97
1225.78
1249.23
998.62
900.71
1036.41
1119.62
898.0
1096.97
1218.73
1406.93
1334.08
983.82
1233.51
972.2
1314.82
1070.06
1255.98
1137.69
991.73
1191.59
1092.73
879.12
878.09
1164.88
762.57
1125.65
981.65
1253.37
1224.55
862.3
878.05
1402.6
651.99
828.35
1021.14
955.18
1061.68
1121.87
1232.82
1318.24
905.38
819.23
900.64
1285.75
1120.77
1011.78
1418.06
1117.58
985.16
924.33
987.06
960.68
1256.15
1335.12
1160.05
1041.24
793.74
740.68
1128.91
1082.44
776.56
790.71
990.88
1750.63
1423.68
1866.33
1377.2
1337.42
1892.93
1604.03
1354.07
1526.89
1765.96
1439.61
1464.49
1493.62
1501.89
1644.95
1663.61
1492.34
1437.61
1553.56
1564.56
1517.24
1743.66
1876.54
1684.18
1806.39
1266.09
1462.01
1657.04
1448.25
1635.3
1070.55
1454.63
1653.2
1511.15
1316.97
1674.35
1624.59
1509.58
1629.59
1405.01
1505.82
1333.24
1288.5
1471.61
1561.13
1736.85
1621.65
1814.24
1480.67
1800.55
1667.56
1728.83
1664.97
1428.66
1787.62
1403.59
1375.87
1239.01
1655.17
1525.75
1436.1
1644.14
1758.65
1753.57
1530.07
1662.33
1764.13
1479.15
1735.01
1714.44
1551.71
1680.2
1421.14
1407.31
1258.58
1354.38
1752.43
1433.64
1467.96
1492.9
1695.04
1404.17
1629.42
1761.65
1484.05
1679.19
1715.6
1292.5
1609.98
1499.85
1712.6
1614.11
1693.82
1840.74
1573.07
1364.66
1429.43
1897.06
1528.3
1597.5
1396.68
1143.44
1034.54
959.63
1100.95
924.71
802.53
1200.12
1063.48
1418.51
853.16
1057.96
1043.45
923.66
994.62
1113.73
1119.07
643.92
954.48
829.03
1363.1
943.38
815.98
1174.92
1232.13
875.85
1237.86
1410.22
879.75
1007.61
567.53
669.12
737.5
1557.43
1052.17
893.31
776.48
626.74
1085.02
1151.07
692.01
944.28
1042.72
1374.53
1149.15
927.74
1172.97
625.15
810.17
1172.1
1490.03
1074.6
742.19
1169.08
706.12
751.67
1124.08
1124.22
666.28
717.48
767.62
945.89
1542.53
1084.17
596.56
1375.66
1304.94
769.3
740.44
889.19
1232.4
923.82
1132.64
1021.33
1094.99
1198.96
1141.74
686.21
802.43
1318.4
861.41
1113.14
1024.39
585.79
1169.46
859.61
1553.7
437.74
845.31
1207.41
749.42
1093.99
696.82
1101.49
1514.17
1233.5
1171.49
904.28
1247.4
1437.03
1440.83
676.48
1300.15
1338.05
822.9
647.35
1303.21
1102.74
885.37
1373.23
753.11
945.07
1285.1
1175.32
1142.18
887.25
1584.31
581.77
1438.24
540.01
1118.28
643.17
989.27
1193.08
997.59
1032.85
1373.34
882.5
603.43
1488.06
630.19
806.62
1220.04
1045.83
785.89
1585.46
1004.46
891.78
1273.08
896.06
1230.26
1389.35
682.88
659.78
854.25
1428.37
558.75
996.33
1474.37
707.71
397.08
416.49
482.53
683.01
997.66
716.51
883.62
891.75
548.6
674.72
933.27
919.31
829.6
788.16
1111.44
592.3
962.87
980.05
1025.77
442.71
799.17
862.75
969.95
905.29
815.76
1011.65
960.36
1079.2
1013.19
531.22
696.57
774.06
419.8
467.94
945.72
765.31
1114.83
897.95
769.81
1136.47
565.3
558.9
567.17
880.53
536.6
447.59
948.41
824.4
969.8
921.5
911.04
880.85
693.82
380.66
923.11
377.78
1012.29
664.86
877.87
612.25
831.51
746.93
694.47
530.87
413.64
847.36
831.54
1058.45
847.77
560.26
1007.86
954.7
1027.47
531.32
630.3
531.93
663.02
702.72
1019.75
493.34
705.61
895.75
723.33
732.64
435.25
706.31
1140.86
462.44
976.47
657.62
741.95
903.21
794.51
321.54
555.86
520.77
984.7
1022.88
527.67
993.23
1271.44
1101.13
1184.78
1322.4
1054.94
734.34
1098.34
1053.86
1189.01
1209.12
1153.79
1173.66
1258.55
1020.58
1239.21
1176.5
870.67
808.48
1222.41
1304.47
834.75
876.56
1039.72
1375.36
1188.56
1182.98
1279.73
1097.6
1260.86
889.61
1065.43
1106.2
821.25
884.29
1215.41
1294.56
1311.39
1218.8
996.45
1308.36
1317.36
1288.74
1241.96
1350.85
1210.06
1239.12
1182.15
1289.3
923.39
1089.54
1287.37
985.9
1363.22
1152.33
794.61
1224.88
1027.88
860.33
899.38
1305.59
1126.17
1228.18
1017.57
1318.09
1229.45
1099.84
986.2
1122.22
1283.83
938.52
1363.64
706.74
1143.02
744.13
1276.05
1117.68
1344.35
965.87
1373.65
952.53
935.19
974.63
1125.04
1268.27
1237.79
1009.37
1337.95
1163.77
1127.12
1363.63
737.48
1171.58
981.95
1240.9
1292.08
1015.12
924.73
1261.67
1213.93
978.04
1533.28
1625.09
1678.86
1592.66
1733.84
1752.09
1637.37
1807.98
1635.52
1762.69
1725.23
1762.69
1618.07
1807.39
1696.03
1690.01
1637.46
1638.47
1642.38
1718.67
1662.96
1607.72
1588.45
1741.53
1639.46
1772.75
1610.94
1668.47
1624.55
1707.87
1670.71
1606.08
1767.75
1796.28
1661.63
1665.16
1638.98
1713.03
1776.55
1628.05
1581.32
1712.17
1776.64
1565.25
1596.14
1740.73
1688.53
1663.85
1745.82
1706.11
1667.7
1706.32
1617.11
1705.88
1738.91
1699.13
1735.91
1607.32
1679.83
1604.69
1767.63
1704.79
1748.64
1674.7
1749.3
1737.51
1793.17
1706.79
1770.7
1644.8
1732.95
1622.17
1702.59
1799.36
1693.68
1687.96
1642.62
1672.83
1696.23
1669.43
1688.97
1534.27
1601.69
1762.3
1551.24
1539.93
1741.27
1551.55
1652.47
1673.78
1664.84
1709.62
1720.47
1621.91
1660.31
1619.46
1765.45
1622.1
1603.55
1683.53
1263.09
1067.99
1412.92
1777.92
1215.91
875.44
1433.64
1496.54
702.67
1771.63
1939.74
1293.17
1879.02
1622.86
1416.53
1966.69
1599.59
1712.45
1758.07
1713.1
1106.16
1977.29
1650.9
1727.83
1627.36
1345.38
1445.83
1167.83
1799.82
1552.1
1713.52
1463.48
1878.64
856.59
1333.0
1873.35
1131.86
1723.72
1527.49
570.46
1733.57
1661.12
1569.1
776.62
1160.99
1631.27
1913.14
817.26
1535.46
1334.42
1439.14
1259.33
1764.48
1918.81
1414.35
1509.67
1454.61
1807.34
1146.1
1965.59
1552.93
1570.29
576.26
209.43
1296.64
957.38
1398.72
1913.03
1271.69
1260.19
1833.81
1229.04
1072.41
617.01
1388.23
1379.87
1539.8
1576.88
679.91
1465.02
1559.13
1446.45
1299.46
1565.47
564.31
1853.97
1292.82
1612.66
1085.26
1744.78
1785.77
802.47
1693.82
1131.15
1311.5
1562.8
1736.91
1087.59
815.07
1079.11
1696.26
1767.7
1575.79
1715.67
1862.57
1694.09
1787.81
1686.14
1204.62
1652.43
1927.73
988.16
1498.92
1096.4
1236.24
1538.4
1806.46
1253.47
1469.65
1534.76
1075.3
1674.02
1565.87
1306.72
903.84
1857.78
1512.09
1442.5
1332.3
1749.47
510.76
1245.32
1208.96
868.02
675.77
1282.62
1047.57
982.28
1695.35
1025.05
741.51
1047.3
896.69
1743.04
1261.87
1813.49
1845.18
1149.85
822.39
1646.13
1536.95
1559.89
1949.62
1859.16
1415.58
808.22
1451.13
699.78
1381.96
1622.66
1789.17
1456.5
596.53
1076.45
1490.51
1579.42
1293.2
1444.66
1449.52
1909.46
1904.16
1906.6
1130.37
2035.03
1135.42
1104.59
1559.9
2015.32
1595.16
1605.89
1366.47
1858.29
1766.27
1472.22
1517.6
1181.43
618.15
756.26
844.11
1770.62
1901.89
1884.86
1160.15
1257.43
1265.07
1384.81
1577.32
1643.13
988.38
1541.72
1357.02
1069.06
1804.55
1397.53
1091.18
1560.88
1305.04
1411.2
1488.61
1904.31
1200.91
1765.54
1766.93
1368.16
1606.16
2023.12
1682.59
1910.83
1375.39
1412.24
1002.87
2030.99
1776.24
1730.45
1129.28
1626.75
1002.94
623.38
1126.92
1937.13
1105.5
1542.41
1678.33
1661.82
1837.76
1350.44
1892.62
1964.71
1949.48
1687.4
1361.3
1479.63
1696.36
1268.26
1935.9
1738.81
949.25
1703.25
1672.14
1836.85
710.37
840.02
1874.7
1537.18
1647.21
2039.61
1437.37
1928.2
1387.16
1941.78
1603.85
1724.96
1073.42
1459.32
1567.86
1592.69
1073.78
1257.04
1478.38
1727.82
1489.1
1347.2
1432.94
1715.4
1282.54
1747.11
1650.04
1789.92
1685.66
1196.71
871.87
1206.55
792.05
1255.89
1299.54
1105.81
1644.54
1244.08
1447.12
1601.12
1437.22
957.73
1771.38
1571.7
1116.06
1396.58
946.8
1870.36
1198.94
1614.52
1281.67
1658.87
876.0
1955.69
1243.34
1611.22
1859.86
1652.36
1404.82
1754.18
1626.93
1574.35
1520.42
1531.25
1461.38
930.07
1582.18
1649.63
1627.51
1409.14
1283.18
1663.86
729.22
1408.46
1063.14
1399.74
1440.92
1434.09
1715.56
1130.8
1399.37
1672.36
1522.32
1498.8
1361.02
595.15
1286.53
1918.42
1593.32
921.84
1750.09
1174.92
1523.58
1532.84
1357.89
1320.42
489.48
1575.37
1764.71
1807.18
1288.25
1146.52
1765.88
1277.91
1815.84
1724.07
1502.09
1291.56
1272.28
1740.7
1902.09
1656.05
1743.37
1963.27
1359.71
1457.67
1756.52
1076.52
1676.91
1547.47
1262.62
1452.02
1894.39
810.55
1583.87
1232.89
1853.78
1662.67
1414.35
1504.84
1215.81
1789.81
1554.45
1330.03
861.17
1173.33
1190.51
1257.48
1656.29
1835.15
1195.59
1299.82
1602.27
1064.24
1394.12
1205.6
1560.13
1604.3
1689.56
939.93
1523.4
1481.07
320.25
1992.87
1228.1
1505.22
1510.85
1618.77
1802.18
1029.84
910.05
1585.06
981.29
1619.25
1653.77
1774.12
646.95
1200.04
1484.33
1430.97
1473.04
1238.32
1659.16
1695.53
1577.2
1490.18
1632.93
1368.04
1815.76
1644.35
1137.01
1595.74
832.89
1468.3
1951.37
1673.42
948.53
1162.52
1621.19
1583.44
1575.2
1367.52
1494.34
1653.52
1559.0
1909.66
1706.28
1394.29
1753.6
1567.54
1512.14
1457.03
1378.81
1361.44
761.8
953.88
1767.79
1225.6
1758.89
1231.37
1736.96
591.57
1820.55
1375.19
1855.69
1567.9
470.39
1349.42
1655.76
638.95
1526.49
1485.92
1146.03
1646.18
1213.59
1793.79
1160.22
1541.55
1154.22
1332.82
1340.84
1548.96
1360.44
1629.9
1641.73
596.93
1500.56
903.85
1303.18
1446.5
782.81
1692.57
726.05
1108.19
1360.3
1424.37
1696.53
1902.9
1805.44
1132.28
1834.89
1689.52
1278.87
1196.34
859.46
1305.49
1384.42
1357.86
1760.16
1956.16
1384.19
915.51
1675.02
1695.3
1524.19
1532.04
1836.75
1415.41
1516.47
948.89
1406.9
1166.47
1235.22
1659.34
1074.07
1598.29
1672.7
1317.63
1297.86
1450.91
988.03
1495.69
1155.32
1286.97
1687.82
1247.58
1870.19
1110.94
616.42
1541.78
1307.32
1875.48
1668.85
1630.77
1069.25
1815.98
1581.91
1607.34
1092.66
1297.28
1800.81
1226.94
1522.34
1115.84
1570.73
1855.84
1912.37
1958.49
1107.05
790.69
1544.8
1260.66
1448.52
1416.19
1762.35
1552.74
924.34
1432.07
1574.77
1397.28
1631.51
1296.39
1400.76
1715.5
1222.08
1230.34
826.9
1359.34
1155.77
1114.92
1491.62
1590.69
1575.96
1758.42
1055.32
1396.35
1646.28
891.47
1481.05
1004.35
639.26
1110.67
948.9
1267.45
1033.75
1555.76
1636.18
1647.36
1046.92
1645.07
1679.72
1489.71
1078.83
1434.35
2006.8
1777.72
1523.58
1537.97
640.1
1595.16
1381.19
1367.5
1096.74
1533.35
1618.47
1327.09
1351.35
1358.67
1169.71
1801.1
1757.47
1849.41
1199.53
1620.04
1807.74
1470.08
1231.83
775.16
1795.34
1271.77
1631.47
1226.98
1438.09
1595.67
1597.8
1199.65
1804.16
1327.34
1498.93
1175.99
1290.23
1958.82
1669.24
1720.15
1825.5
1433.63
1178.29
1712.71
1178.09
1318.84
1313.01
1469.6
1647.79
1880.23
1308.38
824.82
1791.78
1372.96
1721.46
567.4
1136.84
1310.3
1042.48
1713.83
964.44
1401.16
1613.13
1717.63
1322.16
1768.18
1869.96
1592.74
1413.59
1892.15
1389.07
1537.33
1494.07
1922.64
702.04
1455.07
1314.74
1101.9
1314.04
1605.38
1446.65
1100.99
1597.38
1234.51
1512.93
1693.37
962.11
1779.25
1152.57
1827.45
1109.9
1658.59
1423.26
2026.96
1030.1
1450.39
1811.64
1644.68
1389.97
779.1
1223.07
1776.11
1392.14
1559.95
1090.15
511.55
1613.65
1211.82
1125.15
1440.13
2000.12
1114.26
1223.3
1538.63
1653.67
740.19
1653.96
1280.25
1210.21
1378.47
1442.52
866.26
1352.29
1285.62
1428.28
1393.57
1902.75
1419.77
1079.28
1059.91
1285.24
1657.77
1513.21
1286.29
1428.27
773.23
2039.5
1507.41
734.18
1198.28
2098.31
1493.25
1698.93
1463.12
1594.61
1202.07
1451.93
1716.07
882.03
1883.42
1627.62
1654.25
819.62
807.83
1261.16
1498.86
1800.59
1224.25
1927.51
1487.95
1225.46
1591.3
1098.89
1392.38
1848.05
1688.3
1024.13
1084.47
968.85
885.32
1089.04
1275.75
1653.41
1411.17
1566.74
792.59
950.32
652.11
1860.72
1340.87
1401.34
1617.52
2026.77
1463.9
269.08
1482.67
938.45
1069.76
1588.88
1327.46
1389.32
1670.36
1674.01
1894.08
907.16
484.62
1284.31
1712.63
1555.69
1357.16
1079.22
1663.95
464.07
654.09
1706.57
1529.43
842.81
727.01
988.17
1316.07
1397.47
1255.99
1669.54
443.6
1234.04
1093.35
1409.06
1578.08
1689.94
1535.76
1475.95
1750.63
1138.0
1817.39
1190.13
1525.02
1422.46
1393.43
1681.12
1186.93
1531.87
1577.41
1398.88
1545.02
1872.17
1618.5
1264.76
1524.56
1014.26
1205.22
1375.27
1573.46
1445.5
1376.18
1852.67
2005.9
1856.11
1766.53
538.47
1596.19
1266.0
1988.96
1400.33
1190.19
1417.18
946.47
1785.76
1686.47
1876.26
1525.92
1857.84
1499.94
2022.85
1633.97
736.5
1122.1
1305.66
1199.07
1398.56
1394.43
1320.36
1530.05
1474.0
1779.84
1313.21
875.34
1105.97
1528.7
878.9
1542.53
1404.2
1432.85
611.83
965.75
1269.97
1088.08
1507.45
1478.2
1709.24
1571.79
682.24
1476.95
1285.42
1613.42
1218.35
1087.18
1653.73
1245.2
1795.04
1989.55
1756.94
1434.92
1151.57
1709.72
1375.41
1345.83
1580.29
1573.69
595.29
1639.76
1692.5
1925.33
1593.93
1139.53
1121.79
1268.16
967.91
1667.25
889.59
425.52
1078.86
786.38
1843.48
1390.66
1243.0
783.96
1543.64
1593.89
1238.12
1109.37
1552.51
1535.63
1291.9
1648.53
1712.48
1407.62
1623.17
584.37
1286.05
1557.75
908.69
1240.8
1262.06
1132.17
1801.83
1331.83
1360.4
971.54
2012.12
1068.42
1826.79
1580.23
1174.37
1383.9
1648.1
805.1
1233.43
572.7
1258.23
1573.92
1886.71
664.82
1701.75
692.58
1582.49
1415.01
1526.18
1654.15
1297.57
1355.19
1557.5
1231.2
1211.26
1252.8
1815.23
1677.21
1643.62
1738.13
1891.57
1564.6
1031.44
1426.01
1457.18
1092.08
1502.22
1387.61
1471.17
1772.51
1501.31
1511.39
1952.44
1588.46
1620.18
1590.82
1573.22
1225.47
993.33
1388.14
1823.68
805.63
1613.44
1207.82
1548.45
1627.01
1690.98
1788.22
1664.37
1513.73
1730.14
1446.2
1781.42
1599.24
1934.35
690.13
1278.54
1309.49
1809.46
1484.29
1628.17
1963.03
1393.63
1073.7
1211.59
1681.65
1609.48
575.85
1765.08
1122.63
876.37
1606.56
1619.2
1240.62
517.22
1792.29
1390.65
1837.86
1883.34
1389.12
1539.77
1341.5
1890.85
1546.5
1371.35
1072.57
1370.07
1358.65
857.54
1637.33
1762.86
1252.36
2030.4
1536.03
1502.21
1461.84
1301.02
1718.09
1652.21
1804.44
864.94
1628.63
966.25
1440.41
1769.65
1622.01
1421.67
1887.46
1522.78
1257.46
1464.82
1584.63
1397.97
1933.39
1610.44
1167.81
829.54
1605.49
1557.04
1531.76
720.55
1289.67
1397.39
991.93
933.27
967.05
529.7
1196.32
1148.21
1536.14
982.76
711.15
1049.03
1564.97
497.37
729.42
1550.58
1613.02
1692.92
1611.81
1524.29
1649.72
1493.6
1489.75
1541.55
1137.7
1691.54
1457.86
1262.56
788.94
1678.8
1522.72
1293.34
842.77
1338.08
1765.75
1549.44
1108.07
1475.5
1505.78
1608.82
1982.62
1307.17
1408.64
1795.26
939.92
1194.97
1330.23
1494.97
1121.59
915.76
1781.77
1619.55
1817.03
1385.49
1532.17
1731.22
1538.29
1847.08
1643.39
1961.46
1491.4
1050.59
1730.7
1259.17
1442.43
1634.81
1341.41
1562.97
1156.67
1363.17
710.64
1567.7
1533.96
973.68
880.59
1607.14
1394.4
1601.69
651.8
712.45
1483.27
1648.42
1832.04
1412.41
1998.58
1777.53
1951.16
1527.51
1330.58
1386.55
1180.44
1515.81
1793.25
658.59
1462.92
855.28
1561.1
1704.69
1214.15
1497.41
1034.82
1272.39
1614.21
630.8
1269.76
1157.2
1913.15
1691.17
1367.44
833.52
1125.66
1712.63
264.17
884.19
1653.53
1450.91
806.6
1740.28
1685.71
731.76
942.1
1571.35
1637.57
1522.57
1656.79
1938.48
1202.03
1827.2
1664.65
1748.44
1605.04
1415.98
1482.17
2097.97
1046.14
1615.84
1123.45
1802.51
1306.78
939.55
1738.06
1682.33
1381.72
937.58
1166.48
1839.62
1360.31
1481.86
1264.99
1378.99
1462.27
1707.56
1727.31
635.44
329.38
913.12
1543.86
1647.24
1701.64
1475.7
1302.66
1821.22
1659.54
1687.73
645.57
1951.69
1592.91
1469.7
1689.19
1813.47
1221.16
1806.74
1261.21
1296.13
1299.99
1028.16
1475.73
1344.62
1662.31
1185.81
1794.07
392.4
1756.65
1166.91
1241.51
805.7
972.91
1687.15
1559.03
1645.7
1614.1
1749.54
1165.98
1046.58
1753.75
1805.61
1185.41
706.32
993.86
1766.73
1757.68
1270.28
628.16
1616.37
850.06
848.68
1663.66
1703.56
1537.53
1162.98
1366.65
1824.75
1847.39
1170.67
1243.24
1799.96
1580.58
547.92
1935.02
1904.03
1770.88
1735.35
923.99
1274.53
749.63
1629.76
1617.75
1121.54
1562.13
1601.64
622.18
980.78
973.4
1768.1
1312.93
1777.04
971.66
1582.06
1531.54
1525.02
1762.28
690.46
1747.6
1063.28
1422.81
1231.69
1755.64
1410.51
1842.51
1657.67
845.3
1503.66
1459.8
1716.58
1791.19
1512.77
1583.31
1254.39
940.91
1541.63
1176.02
1281.01
1342.17
1847.69
1272.44
1450.57
1361.95
1624.42
1206.04
1710.92
1863.13
1528.34
1729.07
1496.67
1608.19
1327.56
1478.66
1307.47
1869.05
1575.23
1384.05
1411.33
1593.54
1645.7
1519.88
1508.18
1591.59
1209.09
1246.3
1529.84
1703.79
877.67
1360.42
1014.09
1712.01
1735.67
651.54
1471.38
1828.81
1819.47
1318.69
1229.91
847.55
1078.59
1738.0
1501.25
1583.54
1203.63
930.72
1337.8
1501.26
1201.06
1636.82
1551.23
345.97
1290.33
1636.63
2028.11
1498.27
1568.94
1841.37
990.61
1430.28
1557.02
1574.91
1065.1
1403.23
1195.11
1576.41
1644.06
1690.75
1588.19
1478.62
888.3
655.89
1600.99
891.95
1454.16
901.39
901.16
1396.23
1476.36
1581.55
1165.21
1728.13
1006.97
1899.55
1078.36
876.04
1559.17
1326.91
1597.83
1885.57
1437.75
1768.41
2109.3
1749.61
1107.42
552.28
1172.95
1408.95
1635.49
629.38
1725.81
1775.32
1214.58
1577.21
933.2
675.16
1490.22
1299.84
222.89
939.61
1639.94
1844.77
1570.59
1874.05
1518.21
1855.93
1614.99
1241.97
1612.27
1592.53
820.16
1304.27
1363.7
1674.93
1787.01
1593.44
1037.33
1941.94
1426.95
1203.06
1301.04
970.77
1913.37
1066.89
1622.94
2015.26
786.03
1758.94
214.49
1916.18
1065.46
1656.52
1633.84
844.49
1681.2
1929.8
1475.44
1519.24
694.34
1250.4
1835.0
1415.59
1255.13
1745.93
950.93
1826.87
1507.37
1654.88
344.73
1743.75
514.07
300.7
1606.3
1313.47
1684.99
1535.78
1496.67
1830.85
1392.77
1325.8
1481.71
1411.4
1391.2
1588.22
967.98
1619.45
1138.25
1262.29
1525.12
1659.79
1935.71
1026.93
1340.85
1284.33
1690.76
831.82
700.52
1100.72
1696.18
1213.59
1029.8
1534.71
1384.58
1865.43
998.37
1742.52
976.51
1854.49
1852.63
1454.2
1029.49
1357.41
1278.55
2102.99
1686.71
787.64
1590.35
1100.24
1380.8
657.47
1053.33
590.46
1802.09
1802.19
1722.49
1751.6
1436.27
669.8
1453.81
1598.32
1471.1
570.15
1489.44
1504.37
724.73
1052.77
877.68
1119.45
1159.91
1870.87
1208.36
580.48
1064.01
1959.48
1345.07
1757.0
1837.36
1017.11
1426.69
1845.47
1133.83
1453.41
1326.29
1634.6
1410.56
1505.36
1106.04
1972.75
1716.56
1556.25
878.97
1811.68
1634.7
1551.3
1628.7
1353.76
1427.18
1762.6
1619.64
1086.16
1481.51
1678.82
1248.61
712.45
1359.73
969.2
1113.08
299.45
1379.35
1780.48
1838.82
1527.05
1480.8
1661.38
1745.82
1472.44
1163.61
1286.13
785.95
1793.45
1620.06
1332.37
1649.14
1092.87
1648.0
1986.48
1486.67
972.06
1562.03
1439.16
1854.36
1336.05
1145.35
1399.61
1083.85
1336.9
1901.56
1453.87
1714.92
1469.32
1431.3
2025.78
1198.31
1530.52
1608.19
1387.91
1130.46
1532.29
1377.25
1533.42
1280.59
1393.32
1642.75
1622.0
1183.29
931.65
1668.76
1661.93
1553.34
1195.88
1649.27
1259.41
1238.75
1877.63
885.27
1742.85
886.06
1497.44
622.43
1703.05
871.7
716.59
443.14
1651.02
1699.54
721.37
1322.95
1923.41
1812.61
1349.66
1851.21
1388.93
1437.52
1483.07
1203.67
1919.12
1420.64
755.53
1907.46
1496.38
1475.0
1593.38
2064.18
1412.85
1633.27
1535.23
1307.68
1526.64
1569.89
1263.55
1535.85
1280.72
1978.36
1449.3
1413.63
1529.89
1649.9
1333.25
1905.99
1494.21
1300.43
1132.04
1548.69
1786.47
807.94
1673.38
1150.99
2043.9
1657.43
1343.17
1699.79
1639.4
1582.35
1651.14
1475.64
1385.89
1668.17
464.13
1955.9
1857.35
1956.96
1642.12
1829.12
1352.09
1412.85
1791.52
369.87
1646.24
1430.39
1037.88
1830.78
1794.57
1288.91
1458.68
1639.91
1570.42
1317.95
1428.67
1876.39
1681.14
1119.94
1918.16
1110.98
1253.9
763.5
946.92
730.87
1509.86
802.14
1332.06
1049.94
1378.86
1701.57
1759.87
1473.8
1827.11
1411.61
1202.12
1549.02
1788.98
944.86
575.38
1494.93
1572.24
1553.06
1672.42
1803.37
735.69
613.76
1680.82
924.6
1792.55
1339.94
1873.09
1563.93
1569.03
1400.7
1578.76
1170.78
1862.91
1955.27
1274.1
1768.75
1307.29
1372.25
1652.15
1489.85
1866.41
1578.19
1400.73
1093.0
1966.93
990.84
1037.55
1448.25
1075.33
1393.1
1322.25
1386.8
1536.02
1586.34
1460.85
1591.81
1435.17
1239.26
1399.31
726.74
1527.95
1360.96
1945.84
1888.1
629.87
510.4
1527.01
1884.28
827.17
1822.15
972.37
1438.36
1075.57
801.37
1923.72
1321.85
914.12
1745.38
1641.79
1364.38
1372.8
743.88
1488.93
1428.71
1875.14
1424.08
1529.62
1623.53
1492.24
1726.94
1580.73
1685.94
1763.52
435.41
1654.0
1396.35
1622.8
552.03
805.08
1797.15
1752.53
1567.8
1570.91
1430.7
1827.13
1650.64
1486.97
1630.38
1589.81
1085.92
1825.02
1503.37
1439.89
1701.52
1117.04
1016.4
1625.94
2044.81
1593.34
1846.42
2020.55
1933.34
1505.24
1556.11
868.22
1000.07
1381.99
1020.38
1214.24
1378.15
1773.01
956.34
1897.42
1577.3
1528.5
1680.0
1379.55
1732.53
578.21
769.02
669.03
1287.41
1269.14
1824.47
1582.42
1809.31
1509.16
1638.27
1434.91
502.06
916.61
1639.54
1366.01
1567.28
810.5
878.56
1253.49
1118.78
1410.53
1509.31
847.69
1444.64
1442.05
1938.8
965.79
1177.24
772.4
713.18
1894.02
1623.28
1705.03
1377.15
1590.08
1418.89
1758.08
1921.14
1208.3
1704.92
1548.54
1542.15
950.97
1359.59
1670.45
363.02
1852.11
1726.28
1400.11
1380.56
1378.51
1603.26
1081.37
1523.01
1471.57
1320.55
779.86
1681.78
1825.89
1585.2
740.06
1688.76
1802.26
668.81
1600.52
1681.91
1109.6
1255.4
1855.32
1728.13
936.39
1720.82
1340.11
985.93
1228.66
1752.16
1275.96
1062.85
1942.75
1475.85
1017.74
1626.72
1962.48
1240.89
927.34
1639.78
899.08
836.15
1592.07
1207.52
494.38
1516.39
434.77
1332.89
1186.43
1548.71
1592.99
1723.64
1219.92
1351.95
551.61
1441.33
1473.02
1793.73
1350.14
1468.01
1796.08
1436.86
1310.15
1423.27
1492.67
1419.06
387.06
2073.57
1293.41
901.87
853.57
716.5
1890.24
1320.26
1192.81
1828.13
1807.83
1329.04
1524.85
1443.24
1221.37
1616.13
1431.7
1539.94
1894.58
1418.07
1954.92
1385.95
1518.16
1142.38
1479.04
1633.09
1655.38
1355.88
1194.44
1749.27
1244.91
1488.89
1566.78
1466.78
1466.0
1033.51
1307.54
1163.3
1956.46
1096.6
1715.12
1655.11
1577.02
1940.75
1039.58
1245.25
1420.56
1467.72
1372.72
1012.38
1216.77
1450.83
1227.41
1776.26
1429.67
1087.9
951.48
960.0
1552.19
1893.36
1382.35
1035.89
1852.85
1351.6
1612.4
2019.37
1748.26
1499.97
1466.27
1565.8
1032.07
546.48
1477.91
1862.05
1697.58
1493.86
2080.75
1569.33
1744.31
1672.17
1636.06
1082.22
1592.69
1489.62
1510.28
1078.63
1534.34
1695.07
1376.88
1910.93
1140.34
1877.68
2082.69
1017.08
1166.6
1458.83
1809.29
1776.1
1612.69
987.7
1898.93
1738.57
1759.57
1310.6
1524.37
1951.09
461.61
693.75
1293.34
953.79
1779.37
1577.28
1710.44
884.88
1522.54
1779.59
1034.39
1570.09
1557.83
1404.47
1019.23
1628.13
1567.09
1421.77
1521.48
1882.66
1385.81
1359.48
1143.84
1183.59
1602.72
1744.12
1494.95
512.84
831.81
1337.36
1191.18
1229.25
1851.62
1427.56
1908.21
1796.52
1703.84
1452.2
1606.83
1205.8
1713.63
1760.41
1590.86
1840.38
2001.57
1898.34
1698.94
1358.45
1529.0
1773.11
1638.87
1087.46
1943.88
1644.61
1902.57
1180.86
1567.36
1947.01
1358.16
1593.62
1563.85
1828.41
1148.35
1536.32
673.99
1074.34
1525.02
1046.07
1281.72
1543.95
1781.35
1733.0
1527.23
1610.57
887.08
1520.42
2004.31
1676.06
1386.51
1606.4
1384.32
1567.17
1696.43
1393.7
1342.4
1579.26
1469.17
1815.12
1780.81
1871.1
1411.03
1007.09
1809.32
1283.86
1618.2
1161.95
1623.68
867.56
1369.76
1077.05
1434.36
1318.47
1557.15
1003.59
1573.1
1623.8
1531.41
1932.87
1980.25
484.92
1206.85
892.88
1222.84
1897.14
1120.89
1560.0
1789.8
941.32
1190.64
1888.75
1776.0
1564.48
1581.93
634.01
836.6
1263.56
1455.35
1402.99
1480.96
1562.36
1471.53
1270.95
1545.25
920.72
1584.13
1761.07
1837.17
1720.16
1762.76
1248.55
1210.13
963.66
1653.72
770.91
1258.75
1242.16
1604.29
1072.82
1987.36
1856.58
1112.62
1662.46
889.87
1404.74
1581.73
1217.57
1707.07
1784.97
1581.99
1598.48
1355.77
1415.07
1213.96
1479.35
1557.25
1552.11
1367.98
1172.0
993.35
1615.29
1346.49
1976.58
1077.93
1072.41
1584.43
1304.9
1151.2
1047.13
1262.64
1246.1
678.98
748.03
441.14
1042.81
1752.59
684.13
1506.05
2006.5
1739.88
1438.41
1943.45
1834.68
1188.71
1289.52
1898.51
1355.68
1920.0
1182.54
1717.86
1610.08
1042.27
1045.62
1066.8
1448.74
1466.15
1480.5
1459.36
1670.69
898.46
863.93
1359.24
1567.71
1340.92
1120.12
1058.6
1068.5
1316.47
824.64
1124.59
391.59
1465.35
1596.38
1341.75
1844.37
960.12
1878.54
1315.5
1564.99
1714.47
1357.48
1488.35
1702.01
1583.74
1776.47
689.95
1602.33
985.67
1893.43
523.78
1359.11
1550.42
1432.34
1778.51
1376.87
1342.75
1629.63
1348.72
2046.21
1762.41
1240.59
1642.98
1541.39
791.64
1511.37
1471.13
1692.86
792.9
318.83
1416.96
964.54
1638.24
1855.78
1056.64
1330.48
1793.9
1495.95
1232.14
1508.46
1792.28
1454.81
1960.18
1461.73
1428.44
916.86
1788.61
1502.26
1495.14
967.43
1868.05
1268.41
1116.31
1932.28
1539.13
1157.17
1678.24
1791.46
1679.83
1969.46
1559.51
1504.62
1361.64
1341.37
1503.13
1561.33
1735.07
1286.96
1435.88
1511.27
1850.4
1679.22
2023.43
2008.92
872.91
1198.89
1526.48
1372.47
1126.72
860.74
1020.68
1864.54
1040.79
1254.84
1749.25
855.52
1402.55
1549.78
1596.79
547.66
972.79
1667.55
1657.16
678.51
913.05
1850.52
1669.89
1610.83
2024.79
1221.61
596.48
1824.34
1391.21
1705.3
1997.26
1277.68
1735.61
900.18
1635.39
1561.5
1775.2
1731.12
1526.67
1608.47
982.84
2059.54
1772.58
1367.77
1614.68
1665.87
1573.42
941.92
813.97
1296.63
1350.41
1715.51
1347.47
1740.87
1684.6
1281.36
1569.49
1584.53
1278.94
992.73
1811.53
1942.24
1224.1
1337.04
1267.58
1291.67
2021.04
761.8
1816.9
1660.1
1903.61
1301.07
1880.58
822.82
1519.25
1233.5
1464.42
1573.88
907.42
878.32
1471.29
1121.65
1745.85
1455.05
1755.72
1613.84
1278.48
1333.5
1077.64
2078.16
1359.61
1520.23
1608.05
1013.72
1768.61
1446.85
1347.61
1015.75
1078.09
1714.51
1398.16
1757.51
1939.31
1269.39
1371.31
1691.64
1578.56
1472.08
1764.69
1146.03
1479.47
1475.48
1484.27
1641.54
1043.49
1050.0
1649.53
747.02
1455.13
1614.9
1351.07
1620.85
1302.09
1967.12
1517.8
1478.53
1757.44
430.45
1102.95
1467.31
1601.52
1619.21
687.3
1026.57
1102.69
1570.87
1833.78
1375.42
1803.7
1717.43
1328.13
1473.02
1838.82
1526.87
1437.59
1260.66
1188.99
1967.58
1328.63
1465.77
1581.35
1695.82
1213.84
851.27
1519.55
1725.93
1216.73
1261.85
1460.45
1726.7
1376.55
1450.27
797.96
1582.05
1605.85
1759.47
1387.92
1905.63
1418.71
1698.5
652.8
1415.54
999.46
1237.09
1465.44
1504.58
1512.41
1264.59
928.35
1714.28
1055.24
1179.63
1755.78
1166.75
1379.34
1454.16
1027.18
1663.15
1788.93
1278.59
1486.85
1403.63
698.78
1450.9
733.29
2008.0
1562.14
987.67
1757.72
479.83
1585.98
1127.43
1180.43
1657.94
2067.38
1030.22
1138.37
1406.43
1756.51
1853.14
1504.75
1606.76
1184.6
1742.59
1746.6
1615.57
1447.12
1521.23
1177.43
1446.1
1174.65
1272.83
1923.47
1830.34
1766.91
1649.79
1546.89
1063.38
1280.68
1738.68
1745.33
1619.18
592.15
1141.54
1762.07
1053.44
1473.75
1557.32
1805.35
346.37
1776.09
2017.48
1874.82
942.52
1431.99
1405.64
1745.6
1620.25
1877.58
1572.11
1452.07
769.76
1467.55
1082.37
1468.55
1666.34
249.02
1863.2
815.28
737.16
1498.13
1171.5
1866.48
1561.45
1836.47
1795.67
1282.7
1915.43
1457.43
2000.8
1158.67
841.33
1510.68
1649.39
1487.96
896.36
1693.79
2018.84
959.47
1424.21
1109.7
1651.09
1768.99
1542.81
1933.44
1583.47
1287.21
644.53
970.79
1611.85
1963.3
1693.41
1769.41
991.35
1494.08
1255.75
1939.58
1160.21
1113.79
1602.08
2075.99
879.95
1708.14
1677.9
1302.59
1595.67
1025.88
1229.64
1269.12
1891.98
1136.95
1393.78
1852.27
1650.91
706.53
1457.19
1408.36
1362.77
1600.79
1874.82
1237.85
791.92
1760.26
1334.22
1542.29
986.24
1283.7
1502.87
1297.03
1164.3
1314.47
1787.96
1543.86
974.8
1516.03
1419.46
1197.49
1275.79
1881.89
1680.41
1445.64
1635.52
1446.55
1856.53
1533.74
1821.49
1760.99
1556.16
1747.6
1414.66
1300.17
1651.48
1623.64
1798.29
1535.96
1854.06
1703.31
750.5
1734.69
790.9
1511.43
2065.19
1602.96
1237.16
690.22
1126.1
1763.9
1358.04
1719.61
1798.31
1873.2
1230.08
1755.45
659.56
1401.11
1505.04
1426.23
1676.28
1095.73
1581.46
1737.0
1583.53
875.45
1210.46
1194.03
1240.84
1704.78
1739.33
1305.73
1686.43
1663.11
1403.53
1310.49
1142.67
1455.04
1241.01
1882.88
851.11
982.94
1632.23
715.6
1665.07
1401.03
1380.68
1165.34
1663.09
1269.74
1881.41
1801.63
888.47
1602.64
897.98
735.78
1729.58
1367.74
1786.02
1814.88
1342.58
1266.27
1569.11
375.88
1608.16
1162.02
1814.05
1577.41
1544.26
1344.35
1683.64
945.41
1687.69
1774.6
700.57
1482.75
752.19
1139.64
1858.43
1481.45
1415.5
1577.42
1477.46
1166.74
1847.15
1551.59
1491.19
1520.87
1250.1
1367.07
762.24
1619.37
1813.26
1107.73
894.62
1098.75
1640.59
1930.25
1325.41
1917.36
1828.65
1398.74
1876.81
1077.55
1854.62
1465.28
1115.6
1329.4
1497.3
1712.44
1119.37
1447.83
1701.85
1706.56
1485.18
1686.06
1938.55
1476.34
1470.14
948.25
1083.13
1211.82
1448.15
1205.56
1871.03
1527.68
1182.15
1143.22
863.66
1713.89
1483.28
1054.02
1230.97
1872.97
2066.24
1127.18
1631.1
1700.19
917.29
410.22
1763.13
1096.08
1020.47
1456.42
1477.87
1599.97
1583.34
1281.87
1710.87
1683.42
1174.03
1064.16
1412.0
1167.76
1354.1
1723.24
908.2
853.36
809.33
1421.29
1699.92
1938.44
1609.28
1832.76
1088.32
1609.07
1597.22
991.68
1017.43
1748.93
863.95
1604.45
1543.43
1812.43
1411.52
1076.12
1321.37
1693.94
1263.25
1360.64
1150.69
1372.71
1135.76
1248.54
1243.91
1566.9
1525.99
1289.0
1519.37
1812.78
1478.78
1579.58
302.66
450.75
1636.78
1545.8
1261.86
1726.89
1182.06
1743.65
739.16
1512.84
1125.94
1956.71
1035.16
1584.07
1273.86
776.6
1759.83
1076.09
846.32
1311.28
1625.39
1615.68
1097.55
1791.51
1213.79
701.4
1808.03
1941.43
1304.23
1650.02
1329.7
2019.76
1001.61
1657.18
1474.49
1066.86
1356.38
1390.96
1461.1
1298.5
1248.86
1388.43
874.76
852.1
1395.99
1411.18
1660.91
1841.97
1441.5
862.34
1421.44
1261.37
1442.12
1552.36
869.12
1165.51
1647.96
1311.61
1420.48
1616.83
789.82
1511.51
1693.58
1271.82
1791.22
1077.55
1131.54
1795.01
1667.96
1747.14
1560.55
1939.14
1071.91
281.79
1873.45
1716.92
1610.06
1216.25
1349.58
1621.84
1913.04
1586.95
1714.9
1472.1
1609.87
833.27
1787.54
1412.4
1291.97
1600.79
1806.8
1470.48
1444.61
1712.73
1693.08
804.65
1593.69
1042.76
787.59
1013.54
1752.25
1896.54
1311.78
604.46
1523.49
890.32
1557.92
1703.82
1394.95
1460.88
1437.94
1463.64
877.48
1730.81
1789.17
1473.34
1035.58
1583.96
1472.38
1356.6
942.41
1220.11
1285.09
1760.27
960.84
1591.4
1411.6
2023.46
1645.89
1712.86
1750.92
1179.05
1666.22
1417.96
1558.69
1699.86
1576.51
1536.12
939.27
1494.96
1171.63
826.61
1924.61
1311.65
1680.21
1219.8
1406.16
1052.56
1939.66
1322.4
1898.61
1511.91
1728.49
1770.88
851.33
1501.4
901.51
1244.84
1445.36
1699.41
932.69
1657.72
1629.26
1357.57
1506.91
1418.66
1559.97
2009.45
1766.27
654.91
873.09
1063.17
1493.17
1302.54
1450.86
1477.59
1190.67
364.74
1350.57
1672.37
1180.51
1494.06
1139.11
1757.67
1540.29
1693.48
559.53
2044.61
1718.89
1581.68
1574.07
1244.24
1777.29
1267.49
1575.61
1785.94
378.14
995.12
387.53
1734.77
1417.26
926.99
1741.5
1589.36
1498.41
1311.0
1357.67
1923.45
1783.69
446.26
1462.6
1356.61
1919.21
1094.46
1754.19
1643.53
1914.3
1356.45
1558.5
1069.14
1419.05
926.0
1561.84
1335.75
1023.57
1275.94
1441.04
1273.1
1592.18
269.22
1625.06
1583.37
1441.45
1149.99
860.01
1376.48
1512.4
1424.38
1573.86
1277.32
1376.16
1323.41
1166.41
1793.93
1392.5
1368.86
1411.62
1117.49
1696.62
1992.82
1293.76
1164.12
724.96
1446.72
1363.2
758.47
1760.79
1448.34
1818.41
1759.78
1070.77
1779.91
1113.46
1897.24
976.82
1611.95
1016.67
840.33
1657.35
1655.04
1375.89
1837.58
1420.84
1120.1
1179.93
1642.42
615.19
1716.19
1250.59
1322.43
1758.68
1941.29
855.85
1202.15
1100.33
1604.41
1547.81
1173.26
1032.97
905.97
1940.57
1617.54
1607.23
1638.2
1426.92
1920.75
1518.29
1342.02
1087.23
1498.85
1356.65
1764.9
1104.33
1240.85
1533.57
1030.37
1708.89
1277.03
991.56
1304.5
1004.56
1266.91
1166.79
1555.25
1782.7
1575.03
1040.2
1840.38
1358.51
1500.24
1303.57
1571.71
1613.78
1142.0
1429.2
1420.05
1599.18
858.6
1168.02
1829.47
1644.55
1696.79
1835.84
1844.1
1695.87
1628.52
1454.96
1418.18
1416.96
1727.59
1444.61
1624.77
1184.57
1372.3
1249.76
1243.25
1117.59
1840.32
1040.61
1950.4
1834.7
1689.3
1347.86
1194.28
1373.01
1945.97
434.2
1268.98
1182.85
1491.61
1474.38
1308.89
1380.07
1454.61
935.65
1124.35
1538.17
1860.4
1594.74
1669.27
1584.27
1728.34
1570.37
1782.47
1207.37
1657.28
605.75
1458.2
1495.34
1347.61
1161.06
1492.93
1368.45
1387.98
1498.62
1564.32
1302.75
1568.56
1615.29
985.06
1535.76
1777.06
1600.86
864.18
1001.68
1570.11
996.97
1303.25
688.39
1085.51
1423.93
1647.0
1056.59
1236.0
991.91
1683.8
1231.34
1049.72
1113.81
1690.04
1337.21
1488.72
1630.37
1328.71
1072.26
696.4
1780.48
1366.96
1026.69
1572.12
1944.73
1177.26
1935.43
1458.44
1600.01
1236.76
1230.18
1254.2
938.32
1443.23
1914.81
924.73
1280.55
1906.86
1295.35
1011.12
1721.63
1519.47
1925.39
1645.18
992.1
1238.31
1605.25
1265.7
1176.76
1515.24
957.55
483.92
1576.73
1457.43
1083.09
1004.72
1458.88
1075.25
1482.04
1377.61
1033.0
1478.6
1663.2
1500.87
1493.3
1746.03
1330.73
1191.0
1701.55
1717.97
1595.03
1629.65
1732.76
1483.09
1639.47
1772.53
1750.26
1345.12
1120.99
1697.41
1508.84
1246.12
1597.69
1039.53
1546.68
952.53
1291.65
1139.39
1853.61
1450.38
1389.93
1650.31
1135.85
1426.11
951.61
1207.07
1344.47
1267.02
1522.02
1065.44
1210.2
1305.64
804.88
1213.45
1375.53
1367.23
1812.23
1337.04
1543.5
1010.88
1918.84
977.36
1278.65
960.03
1137.52
1519.66
1611.63
1938.48
1221.22
1746.87
872.86
1006.49
1867.45
1413.08
1125.28
1298.21
1356.78
1007.19
1854.66
1832.41
980.85
1608.97
2032.64
2002.46
1482.2
1357.56
1070.55
1467.37
1094.32
1212.34
1312.68
1129.08
545.08
1883.62
1767.77
931.11
1235.97
1509.14
1035.38
1493.06
1776.38
1223.79
752.89
1525.74
1503.14
1076.17
752.48
814.06
1665.58
1640.36
1448.45
1710.15
1078.28
1845.26
1476.48
1292.3
1639.58
1875.16
1503.93
1681.03
1394.23
1478.21
1058.1
1368.45
1524.77
1826.23
1520.45
1107.07
1758.86
1713.0
1600.78
1921.91
1874.54
1539.17
1142.98
2022.49
1733.21
1020.85
1218.41
910.62
1717.81
1546.79
1656.81
1660.78
1412.36
1580.25
1124.22
1462.76
1409.94
1206.36
1154.51
1684.6
863.49
1607.13
1162.22
1646.79
1270.03
975.11
969.8
1422.96
1640.38
1471.99
1434.96
1329.36
1817.05
1641.94
1467.37
1216.91
1713.02
1243.63
1696.87
1724.93
1599.74
749.58
760.39
1894.24
1465.0
1222.83
1378.73
1658.75
1621.26
1743.95
1430.21
1747.11
1595.48
1369.34
1817.56
1664.48
1581.76
1331.24
1367.43
1511.24
1003.99
1118.6
1309.11
1089.21
966.34
1449.73
1651.81
1063.73
1938.79
1687.74
631.75
829.88
1608.33
1237.65
1238.91
1609.07
1503.74
1093.22
1192.69
1595.28
1146.9
1281.15
1717.16
1193.52
1698.24
1388.47
1836.59
1678.92
1338.34
1660.78
1671.92
1781.0
1212.96
670.95
988.08
2058.29
997.27
1123.78
1648.25
963.67
1821.96
1669.09
1557.65
1886.48
1686.94
1451.21
1426.76
1552.58
1113.09
875.67
816.45
1097.28
1827.49
1864.58
753.24
1683.99
1359.3
1610.76
1458.1
1792.18
1968.54
1669.2
1340.92
1929.25
1128.54
892.97
592.03
1575.04
1317.68
1159.34
1316.18
1468.03
1971.39
1802.49
1686.11
1267.9
1246.15
1330.63
1564.48
1913.64
1875.59
1144.27
1323.73
1493.09
1630.51
1540.06
1558.77
1338.55
1755.81
1573.21
1474.02
1581.02
545.06
1470.59
1414.73
1496.74
1267.0
1052.92
1610.2
1749.01
1247.89
898.88
1489.09
1441.57
1518.15
1365.32
1731.68
995.62
1613.12
1841.05
1590.85
1410.25
1775.18
1250.14
1574.75
577.24
990.4
2006.75
1180.36
1752.8
1320.3
1466.54
404.38
1360.87
1459.18
1225.3
1920.25
1865.15
455.14
1419.79
505.66
1551.16
1283.78
1565.96
1196.34
1688.6
1862.46
579.6
296.09
1214.85
1288.63
1471.94
1697.7
964.71
1595.78
1284.83
1740.18
1261.89
1388.67
983.64
990.08
1535.33
1859.93
983.21
1505.72
1417.09
1568.94
698.24
1189.9
1334.62
1602.03
1546.85
1263.0
1371.99
1536.01
775.16
1814.97
1540.43
1523.52
1728.19
1533.44
1414.92
1028.67
1728.0
865.33
1444.51
1710.1
1453.14
1181.41
1049.93
1406.26
1333.94
1410.94
1343.0
1847.7
1847.72
1794.57
1180.37
1682.64
994.8
1396.14
1836.59
1525.02
1556.83
758.46
1208.7
1437.0
1608.62
1347.35
1759.26
1644.48
927.29
1519.15
1570.17
1741.43
844.95
1421.42
1163.47
1299.13
1994.03
1520.2
1647.35
1419.45
1101.7
1109.94
1547.35
1251.09
1398.71
549.84
1004.27
1629.73
1250.59
1580.0
2011.33
1517.8
1564.6
1057.45
957.86
1928.33
1355.33
1057.32
1419.75
1624.7
1111.97
1497.08
1681.7
1064.37
1420.6
1332.27
1583.79
1408.36
1866.38
550.62
533.18
1496.29
1125.39
1039.94
997.65
1703.11
981.83
1488.77
1679.27
941.85
1494.23
1394.17
1492.93
1405.33
1687.15
1519.11
1543.89
1595.47
1254.87
1837.2
1353.51
1510.32
1887.32
1337.83
1699.81
1282.97
1606.42
1219.56
1090.56
1499.3
1160.53
1766.8
1887.86
1760.97
1777.55
1565.51
1596.69
1466.66
1540.21
1584.62
1269.97
1181.61
1576.58
2038.36
1791.17
1871.55
1045.16
838.98
1226.56
1551.88
1751.1
1618.95
614.4
1377.26
649.75
1333.71
1912.74
1336.33
1430.04
1425.96
1439.12
1555.52
1234.34
1648.58
1275.6
1197.73
1928.98
1523.32
744.69
1131.7
1557.34
935.91
1660.29
1342.79
1427.42
1647.32
786.41
649.18
1772.49
1320.01
1620.66
1807.99
1433.69
1369.06
1789.37
1525.82
999.61
1401.95
1244.12
1698.85
692.31
1834.5
1544.16
1206.38
657.27
1348.15
1304.85
1346.74
1443.23
1795.52
1074.46
917.79
1117.98
1081.75
1696.39
1301.65
929.37
1887.76
1700.3
1800.12
1213.07
874.27
701.03
1480.1
1886.1
1692.95
564.14
1687.64
1671.97
1634.48
1442.79
1814.57
1432.4
738.73
1688.66
1625.18
1514.73
1366.47
1013.35
1254.21
1362.91
704.99
1760.07
1309.94
1245.91
1329.49
1457.59
1222.27
1431.18
2000.39
1629.19
687.89
1278.13
1219.33
1473.28
1306.88
1675.07
1582.54
1296.01
1435.53
1856.03
1483.52
1524.3
1532.39
1997.61
1318.42
1375.42
1629.74
1276.48
1117.17
1453.57
866.91
1423.79
927.19
1441.95
1295.81
1134.59
1322.46
853.33
1314.4
1916.58
1119.59
2076.95
1450.85
1508.49
1559.3
1529.58
1912.72
1396.77
1437.19
1044.47
1357.8
882.25
1672.46
1685.23
1737.24
1631.99
1583.09
928.06
1334.77
1770.43
1852.15
1013.58
1712.14
1418.87
832.22
1771.79
1696.95
1759.14
1606.26
1789.71
1409.87
1630.21
409.81
1165.6
1236.98
1228.61
1130.99
1930.59
1348.84
1252.93
1510.55
1632.51
1020.61
159.31
966.53
1513.7
1788.43
1926.04
1723.28
1580.12
1785.47
1010.06
1419.49
1141.82
1604.22
1379.62
1215.9
1422.95
1654.78
1577.86
769.5
1210.97
1594.51
1729.89
1546.42
1725.98
1741.34
1893.85
1574.63
1321.02
1655.94
1266.13
1179.66
641.64
1083.4
589.42
1550.38
1551.94
1698.52
1212.48
1566.44
989.4
1113.18
640.55
1810.29
1950.37
1403.4
1780.35
1473.1
1170.93
1694.27
1319.21
1641.17
916.31
1657.15
1215.05
1315.32
938.72
1734.25
1777.52
1493.03
1757.29
905.21
1985.18
1527.87
1167.96
1601.53
1271.99
1323.5
1796.75
1327.97
929.67
1436.02
1945.42
1450.3
921.27
1689.65
1229.49
1808.13
1039.69
1799.64
1950.53
753.98
1408.02
1219.29
290.69
1264.3
1602.28
1214.59
1512.72
1295.84
1284.97
1634.39
1963.17
1024.13
1448.46
736.1
1427.53
1171.42
1762.42
1907.02
2000.14
1627.55
1386.93
1255.16
1913.58
1345.7
1601.95
1300.23
1535.43
1160.04
1644.69
497.73
819.05
1090.63
1110.96
1656.65
768.5
1529.81
1818.62
1326.33
1788.9
438.53
1181.55
1223.95
1028.33
945.73
988.09
1426.76
1515.03
1969.29
1575.14
1711.98
1222.74
1442.52
1711.49
1500.92
1478.59
1961.35
998.86
1366.58
1097.14
981.21
2042.48
1680.3
1437.65
1287.51
1551.79
1410.12
1233.2
1278.63
1759.64
1403.27
1653.71
1335.88
1917.57
1949.46
1567.6
347.7
1382.41
1608.94
1475.63
848.0
1540.3
1320.63
1286.01
1029.99
1949.29
1512.76
1435.84
1660.38
1836.4
1678.02
1133.17
1940.1
1437.61
1277.39
443.91
1569.17
1713.16
1264.95
1427.04
1700.34
1133.62
711.01
779.69
1771.96
1043.91
